function [y] = f(x1,x2);
% F1 = x1    + 0.1*x1*x2 + 0.2*x2**2 - 0.17975
% F2 = x1**2 + 1.5*x1*x2 - 0.7*x2    + 0..14375
  f1 = x1    + 0.1*x1*x2 + 0.2*x2*x2 - 0.17975;
  f2 = x1*x1 + 1.5*x1*x2 - 0.7*x2    + 0.14375; 
  y = [f1,f2];
end
